spawns:
  default:
    world: 13142a19-7e6d-454f-850c-1b902c7ade9c
    world-name: §l§4MINECRAFT §l§fEXTREMO
    x: 215.62138017094372
    y: 317.0
    z: -51.50387752602629
    yaw: 94.1318359375
    pitch: 70.94998168945312
